0.2506628274631 0.37599424119465 0.501325654926199 0.62665706865775 0.7519884823893 0.877319896120816 1.0026513098524 1.12798272358395 1.2533141373155 1.37864555104705 1.5039769647786 1.62930837851015 1.75463979224163 1.87997120597323 2.0053026197048 2.13063403343635 2.2559654471679 2.38129686089945 2.506628274631
0.279405201671732 0.419107802374432 0.558810403343474 0.698513003932213 0.838215604748863 0.977918205548961 1.11762080668702 1.25732340711468 1.39702600786441 1.53672860868262 1.67643120949772 1.81613381030132 1.95583641109792 2.09553901189156 2.23524161337463 2.37494421366723 2.51464681422944 2.6543494149425 2.79405201572874
0.296592488871279 0.444888733709267 0.593184977742558 0.741481222177375 0.889777467418789 1.03807371104964 1.18636995548512 1.33466619992075 1.48296244435474 1.6312586887959 1.77955493483962 1.92785117766433 2.07614742209929 2.22444366653467 2.37273991097023 2.52103615540585 2.6693323998415 2.81762864427714 2.96592488870945
0.311904450590897 0.467856675886484 0.623808901181795 0.779761126480907 0.935713351772969 1.09166557706813 1.24761780236359 1.40357002765905 1.55952225296182 1.71547447825235 1.87142670354594 2.02737892884089 2.18333115413625 2.33928337943171 2.49523560472718 2.65118783002264 2.8071400553181 2.96309228061354 3.11904450592357
0.327230697252651 0.490846045878955 0.654461394505302 0.818076743133436 0.981692091757909 1.14530744038425 1.3089227890106 1.47253813763693 1.63615348626688 1.79976883489008 1.96338418351581 2.12699953214198 2.29061488076704 2.45423022938436 2.61784557796196 2.78146092637389 2.94507627420428 3.1086916202835 3.27230696159224
0.343938562405359 0.515907843607988 0.687877124810718 0.85984640601398 1.03181568721597 1.20378496841861 1.37575424961844 1.54772353079584 1.71969281172732 1.89166209149295 2.06363136665517 2.23560062712463 2.40756984784338 2.57953897442136 2.75150790103423 2.92347643947046 3.09544427904853 3.26741093786358 3.43937570706851
0.363899313089304 0.545848969632562 0.727798626075017 0.909748280689262 1.09169792078021 1.27364749236165 1.45559683576334 1.63754558306341 1.81949302418744 2.00143795562356 2.18337852708178 2.36531209967667 2.54723512515139 2.72914305177016 2.91103025904105 3.0928900208559 3.27471449492232 3.45649473527914 3.63822072448526
0.39124468054541 0.586865169908491 0.782479004858959 0.978077140250243 1.17364650320034 1.36917055126999 1.56462994298802 1.76000318149113 1.95526718062018 2.15039774207813 2.34536994817062 2.54015848049701 2.73473787594501 2.92908273070703 3.12316786166619 3.31696843305509 3.51046005479471 3.70361885820053 3.89642155288691
0.44228832714817 0.661932609462338 0.880577120901016 1.09822203637843 1.31486758071869 1.5305140286013 1.74516170450302 1.95881098262421 2.17146228680064 2.38311609041927 2.59377291629881 2.80343333658098 3.01209797260069 3.21976749474703 3.42644262231373 3.63212412334993 3.83681281443555 4.04050956060164 4.24321527504766
0.598382379675777 0.857740982414384 1.10940120359868 1.35533261916439 1.59664106028603 1.83403474416528 2.06800606459547 2.29891721653249 2.52704594697031 2.75261186925918 2.97579317501885 3.19673729818597 3.41556828097018 3.63239194968876 3.84729966800112 4.06037112502943 4.27167644994943 4.48127784510115 4.68923086722037
1.01144709952339 1.29722792439509 1.56856297539386 1.82982505423232 2.08337010179847 2.33065750150651 2.572673838421 2.81012750337707 3.04355011055823 3.27335432793747 3.49986916258836 3.72336265954877 3.94405713886575 4.16213978834773 4.37777024693982 4.59108617089103 4.80220740804086 5.0112391874606 5.21827459698306
1.70524258983303 1.98341280502453 2.24791719114692 2.50267701741802 2.74987280726762 2.99088486569512 3.22666133136742 3.45789140713939 3.68509737500033 3.90868787704861 4.12899084128531 4.34627489166635 4.5607638532791 4.77264691747426 4.98208597048399 5.18922100607216 5.39417420747089 5.59705308167597 5.79795290512679
2.55715095481946 2.80800905580503 3.04973614214385 3.28458475661251 3.51388103727317 3.73850077680994 3.95906603567398 4.17604158165638 4.38978786285609 4.60059255970585 4.80869056338449 5.01427724714101 5.21751762983365 5.41855290814686 5.61750523940662 5.81448132419291 6.009575143434 6.20287008535204 6.39444062366803
3.44027362955111 3.66114242645332 3.876944268062 4.08866500464327 4.29692417589862 4.50215179862048 4.70466582118368 4.90471190940714 5.10248614966351 5.29814901905806 5.49183448661582 5.6836562138548 5.87371193465251 6.06208664264481 6.24885496962854 6.43408299850873 6.617829671053 6.80014789843302 6.98108544999191
4.28081349537436 4.47625256763411 4.66915765047822 4.85987120839813 5.04862345993483 5.23558273878271 5.4208789126643 5.60461599195862 5.78687961192563 5.9677417945376 6.14726414402411 6.32550008241883 6.50249646701599 6.67829479356448 6.85293211242309 7.02644174011928 7.19885382168657 7.37019578156854 7.54049269015652
5.04840725036776 5.22409058481722 5.39858120356942 5.57196273597745 5.74429532536897 5.91562532064355 6.08599005637865 6.25542054942105 6.42394316279656 6.59158070088178 6.75835316654684 6.92427830513253 7.08937200767972 7.25364861762894 7.41712116921246 7.57980157618245 7.7417007837166 7.90282889224478 8.06319525979262
5.73635149843459 5.89700957122703 6.05712630291763 6.21670169356603 6.37573574330244 6.53422845235564 6.69217982110433 6.84958985012051 7.00645854024944 7.16278589265029 7.3185719088919 7.47381659103081 7.62851994170216 7.78268196421883 7.93630266267962 8.08938204206883 8.24192010841492 8.3939168688723 8.54537233188062
6.34848896817993 6.49763189745491 6.64653451548114 6.7951787645793 6.94354980853262 7.09163495568931 7.23942306331069 7.38690416949016 7.5340692481019 7.68091003654855 7.82741890964474 7.97358878418783 8.11941304484098 8.26488548529798 8.41000026071458 8.55475184863316 8.69913501648543 8.84314479415938 8.98677645070021
6.89248139589664 7.03262892041358 7.17267119599509 7.31259186086501 7.45237656154997 7.59201236847975 7.73148743446207 7.87079077425549 8.0099121124326 8.14884177309752 8.28757059695151 8.42608987702352 8.5643913076761 8.70246694332947 8.84030916448507 8.97791064935101 9.11526434986626 9.2523634711612 9.38920145386804
7.37675716868106 7.50972074697258 7.64263859569162 7.77549968550246 7.90829369227767 8.04101082671986 8.17364172975886 8.30617740248137 8.43860915634108 8.57092857621613 8.70312749211804 8.83519795692651 8.96713222850898 9.09892275512426 9.23056216318396 9.36204324726782 9.49335896124434 9.62450241090182 9.7554668474772
7.80926423373022 7.9363678012244 8.0634515861038 8.1905090082891 8.31753349965828 8.44451850690415 8.57145749432595 8.69834394656255 8.82517137125509 8.95193330163736 9.07862329907477 9.20523495551708 9.33176189588388 9.45819778039582 9.58453630671485 9.71077121230341 9.83689627632094 9.96290532171423 10.0887922171452
8.19704559431876 8.31927834121285 8.44150254656362 8.56371453681035 8.6859104040291 8.8080860466845 8.93023719861496 9.05235945117558 9.17444827098699 9.29649901469312 9.41850694158374 9.54046722460226 9.66237496012583 9.78422517678872 9.90601284341238 10.0277328765548 10.1493801471562 10.2709494869705 10.3924356945125
8.54616845834689 8.66428654390748 8.78240094237057 8.90050968511408 9.01861054152462 9.13670104968488 9.25477853942401 9.37284015073661 9.49088284911541 9.60890343874154 9.72689857410902 9.84486477044604 9.96279841321337 10.0806957668791 10.1985529829952 10.3163661080233 10.4341310904057 10.5518437875144 10.6694999722078
8.86179312909854 8.97638710195762 9.09097948172858 9.20556924164862 9.32015514320863 9.4347357493619 9.54930943518793 9.66387439699179 9.77842866032854 9.89297008730481 10.0074963833506 10.1220051035851 10.236493658886 10.350959321743 10.4653992318399 10.5798104017214 10.6941897220315 10.8085339668784 10.9228397990423
9.14828714503594 9.25982715705943 9.37136647953433 9.48290458685877 9.5944408044644 9.70597430973293 9.81750413309187 9.92902915931993 10.0405481290171 10.1520596402795 10.2635621505554 10.3750539786674 10.486533307009 10.5979981839189 10.7094465261324 10.8208761215954 10.9322846321336 11.0436695964706 11.1550284333055
