0.2506628274631 0.37599424119465 0.5013256549262 0.626657068657749 0.7519884823893 0.87731989612085 1.0026513098524 1.12798272358395 1.2533141373155 1.37864555104705 1.5039769647786 1.62930837851015 1.7546397922417 1.87997120597325 2.0053026197048 2.13063403343623 2.2559654471679 2.38129686089943 2.50662827463099
0.279405201584583 0.419107802358717 0.558810403169166 0.69851300417933 0.838215604717434 0.977918205529122 1.11762080633833 1.25732340713474 1.39702600835868 1.53672860873785 1.67643120943486 1.81613381023743 1.95583641105824 2.09553901187216 2.23524161267666 2.37494421347477 2.51464681426948 2.65434941506268 2.79405201671755
0.296592488871473 0.444888733306917 0.593184977742945 0.741481222178197 0.889777466613835 1.03807371105181 1.18636995548589 1.33466619992088 1.48296244435639 1.63125868879203 1.77955493322767 1.92785117766639 2.07614742210363 2.22444366854697 2.37273991097178 2.52103615540654 2.66933239984176 2.81762864427721 2.96592488871279
0.311904450590913 0.467856675889494 0.623808901181827 0.779761126477244 0.935713351778988 1.0916655770693 1.24761780236365 1.40357002765902 1.55952225295449 1.71547447824995 1.87142670355798 2.02737892884697 2.1833311541386 2.33928337943242 2.49523560472731 2.6511878300226 2.80714005531804 2.96309228061351 3.11904450590897
0.327230697252633 0.490846045881045 0.654461394505267 0.818076743131627 0.98169209176209 1.14530744038445 1.30892278901053 1.47253813763691 1.63615348626325 1.79976883488958 1.96338418352418 2.12699953214451 2.2906148807689 2.45423022939477 2.61784557802107 2.78146092664744 2.94507627527381 3.10869162390017 3.27230697252651
0.343938562405342 0.515907843608972 0.687877124810683 0.859846406013398 1.03181568721795 1.20378496841861 1.37575424962137 1.54772353082411 1.7196928120268 1.89166209322948 2.06363137443589 2.23560065563518 2.40756993683723 2.57953921803993 2.7515084992427 2.92347778044533 3.09544706164756 3.26741634284858 3.43938562404611
0.363899313089293 0.545848969634245 0.727798626178585 0.909748282723259 1.09169793926842 1.27364759581126 1.45559725234776 1.63754690884527 1.81949656518754 2.00144622104013 2.18339587551723 2.36534552677008 2.54729517111844 2.72924480195052 2.91119440819409 3.09314397237331 3.27509346824878 3.45704285806007 3.63899208940836
0.391244857003703 0.586867272881699 0.782489613542844 0.978111701363525 1.17373318154043 1.36935347427431 1.56497174409925 1.76058688417137 1.9561975121474 2.15180197445638 2.34739835630904 2.54298449554441 2.73855799864134 2.93411625800084 3.12965646963919 3.32517565079274 3.52067065707742 3.71613819897031 3.91157485747005
0.443488295949156 0.664632451523403 0.885376621764343 1.10572081787043 1.32566505423957 1.54520934846974 1.76435372135472 1.98309819688625 2.20144280225254 2.41938756783955 2.63693252721642 2.85407771716333 3.07082317763941 3.28716895179672 3.50311508597662 3.71866162970753 3.9338086357031 4.14855615986032 4.36290426125755
0.675113859804206 0.956349969018084 1.22914955525419 1.49595594918944 1.75810483958256 2.01643415380452 2.27151674919373 2.5237681315635 2.77350300899669 3.02096776166302 3.26636037977622 3.50984336609219 3.75155244532004 3.99160265071508 4.23009270307413 4.46710823997194 4.70272424827474 4.93700693069243 5.17001516148866
1.58257590556443 1.91465001906994 2.22796771479007 2.52861774880847 2.8198277012365 3.1035700945188 3.38116300897209 3.6535432401828 3.92140743848466 4.18529196864963 4.44562129149211 4.70273888323321 4.95692786371757 5.20842525449617 5.45743213072733 5.70412103420305 5.94864150540532 6.19112429076185 6.43168459605251
3.34892168612468 3.6681285703903 3.97125594729224 4.26310647458256 4.54633708306761 4.82262212452839 5.09310714158088 5.35862185008307 5.61979297786729 5.87710944569733 6.13096255437647 6.38167205906535 6.62950379741531 6.87468201816904 7.11739825212283 7.35781785157194 7.59608491267923 7.83232604861764 8.06665332841856
5.59218905957308 5.86725965972153 6.13340452138034 6.39287738704865 6.64700558728639 6.89666609979405 7.14248216216128 7.38491971116878 7.62434035535963 7.86103292676452 8.09523345902073 8.32713845828626 8.5569140664853 8.78470259318292 9.01062729805129 9.23479597320388 9.45730367983714 9.67823487495063 9.89766508918495
7.91429554456957 8.14682707366964 8.37536033577688 8.60068407387778 8.82329510912921 9.04353911528441 9.26167232134268 9.47789322011244 9.69236067015501 9.90520500584454 10.1165354703563 10.3264448271116 10.5350131977363 10.7423104397465 10.9483980821366 11.1533307756465 11.3571574193181 11.5599220497408 11.7616645529592
10.1051540686951 10.3056398254638 10.5045270868545 10.7020337384359 10.8983066448754 11.0934535047596 11.2875576646247 11.4806860954087 11.6728941261955 11.8642284238596 12.054729181686 12.2444312011007 12.4333652483978 12.6215586498371 12.8090359049019 12.9958191368076 13.1819284485054 13.367382208279 13.5521972816607
12.0895491407438 12.2672908587804 12.4444330976893 12.6210181259194 12.7970764173618 12.9726315225084 13.1477024702539 13.3223051224195 13.4964530089236 13.6701578778976 13.843430075033 14.0162788165133 14.1887123910418 14.3607383134224 14.5323634438555 14.7035940823245 14.8744360444724 15.0448947234796 15.2149751409466
13.857118102053 14.0185881864742 14.1798417345064 14.3408787460865 14.5016992212138 14.6623031598946 14.82269056213 14.9828614279707 15.1428157572941 15.3025535502381 15.4620748067857 15.6213795269521 15.780467710764 15.9393393582561 16.0979944694709 16.2564330444601 16.414655083286 16.5726605860494 16.7304495527608
15.4230855761844 15.5725429126991 15.7219237817559 15.8712224204498 16.0204340848765 16.1695547074819 16.3185807075812 16.4675088743494 16.6163362887028 16.7650602689693 16.9136783304354 17.0621881552357 17.210587568825 17.3588745213316 17.5070470724987 17.6551033793331 17.8030416858353 17.9508603143833 18.0985576582767
16.8104833567718 16.9507514225293 17.0909928504824 17.2312034897416 17.3713796926555 17.5115181664945 17.6516158867062 17.7916700409123 17.9316779899877 18.0716372403422 18.2115454223959 18.3514002743477 18.4911996291325 18.6309414038749 18.7706235912112 18.9102442520458 19.0498015094308 19.1892935433584 19.3287185861552
18.042893990868 18.1759035812284 18.3089039664067 18.4418929217026 18.5748683613831 18.7078283038597 18.8407708502044 18.9736941696912 19.106596489229 19.2394760859476 19.3723312808395 19.5051604341531 19.6379619415065 19.7707342306942 19.9034757590182 20.0361850110259 20.1688604965723 20.3015007491613 20.4341043243971
19.1418077941687 19.2689289098005 19.3960468583243 19.5231605843255 19.6502690327638 19.7773711489855 19.9044658788026 20.0315521686035 20.1586289652595 20.2856952165354 20.4127498708317 20.5397918774134 20.6668201864624 20.7938337491457 20.9208315176866 21.0478124454354 21.1747754869403 21.301719598032 21.4286437358149
20.1258993696994 20.2481388188121 20.3703771804887 20.4926139857969 20.6148487359037 20.7370809058265 20.8593099484209 20.9815352968499 21.1037563664091 21.2259725564458 21.3481832513686 21.4703878219175 21.5925856261088 21.7147760100728 21.8369583087976 21.9591318467936 22.0812959387542 22.2034498898015 22.3255929965374
21.0110605065853 21.1291811595969 21.2473014393794 21.3654211458672 21.4835400528038 21.6016579095338 21.7197744437202 21.8378893629466 21.9560023559264 22.0741130939381 22.192221231488 22.3103264072918 22.4284282449919 22.5465263538115 22.6646203291462 22.7827097531031 22.9007941950536 23.0188732118069 23.13694634856
21.8106984094186 21.925293369748 22.0398882019256 22.1544828227463 22.2690771324788 22.3836710147018 22.4982643376046 22.6128569545239 22.7274487043215 22.8420394121216 22.9566288894192 23.0712169345735 23.1858033331119 23.3003878580216 23.4149702700236 23.5295503178286 23.644127738433 23.7587022570783 23.8732735879698
22.5360968479595 22.6476372415472 22.7591775911214 22.8707178625899 22.9822580129288 23.0937979890738 23.2053377284662 23.316877158987 23.4284161988358 23.5399547568242 23.6514927321172 23.7630300143892 23.8745664838289 23.986102011161 24.0976364576737 24.2091696752483 24.3207015064437 24.4322317842752 24.5437603327297
