0.2506628274631 0.37599424119465 0.5013256549262 0.626657068657749 0.7519884823893 0.87731989612085 1.0026513098524 1.12798272358395 1.2533141373155 1.37864555104705 1.5039769647786 1.62930837851015 1.7546397922417 1.87997120597325 2.0053026197048 2.13063403343623 2.2559654471679 2.38129686089943 2.50662827463099
0.279405201584583 0.419107802358717 0.558810403169166 0.698513004179328 0.838215604717434 0.977918205529122 1.11762080633833 1.25732340713474 1.39702600835866 1.53672860873785 1.67643120943487 1.81613381023743 1.95583641105824 2.09553901187216 2.23524161267666 2.37494421347477 2.51464681426948 2.65434941506268 2.79405201671737
0.296592488871473 0.444888733306917 0.593184977742945 0.741481222178197 0.889777466613835 1.03807371105181 1.18636995548589 1.33466619992088 1.48296244435639 1.63125868879202 1.77955493322767 1.92785117766639 2.07614742210363 2.22444366854634 2.37273991097178 2.52103615540654 2.66933239984176 2.81762864427722 2.96592488871279
0.311904450590913 0.467856675889494 0.623808901181827 0.779761126477244 0.935713351778988 1.0916655770693 1.24761780236365 1.40357002765902 1.55952225295449 1.71547447824995 1.87142670355798 2.02737892884697 2.1833311541386 2.33928337943242 2.49523560472731 2.6511878300226 2.80714005531804 2.96309228061351 3.11904450590897
0.327230697252633 0.490846045881045 0.654461394505267 0.818076743131627 0.981692091762089 1.14530744038445 1.30892278901053 1.47253813763691 1.63615348626325 1.79976883488958 1.96338418352418 2.1269995321445 2.2906148807689 2.45423022939477 2.61784557802107 2.78146092664744 2.94507627527381 3.10869162390017 3.27230697252651
0.343938562405342 0.515907843608972 0.687877124810683 0.859846406013398 1.03181568721794 1.20378496841861 1.37575424962137 1.54772353082411 1.7196928120268 1.89166209322948 2.06363137443589 2.23560065563518 2.40756993683723 2.57953921803994 2.75150849924273 2.92347778044549 3.09544706164821 3.26741634285091 3.43938562405359
0.363899313089292 0.545848969634245 0.727798626178585 0.909748282723262 1.09169793926849 1.27364759581235 1.45559725235717 1.63754690890187 1.81949656544652 2.00144622200069 2.18339587853683 2.36534553507942 2.54729519162252 2.72924484816281 2.91119450469552 3.09314416121105 3.27509381769053 3.45704347409896 3.63899313037508
0.391244857618988 0.586867286318513 0.782489714007406 0.978112137036861 1.1737345457634 1.36935692048165 1.56497922708569 1.76060141287012 1.95622340272705 2.15184509586799 2.34746636308086 2.54308704462572 2.73870694854862 2.93432584954246 3.12994348819851 3.32555957061991 3.52117376834275 3.71678571851572 3.91239502429479
0.443888294082499 0.665532442073516 0.886976591898311 1.10822074495618 1.32926490304681 1.55010906837131 1.77075324352869 1.99119743151861 2.21144163574085 2.43148585999742 2.65133010847915 2.87097438579464 3.09041869693949 3.30966304731169 3.52870744270945 3.7475518893306 3.96619639377249 4.18464096303192 4.40288560450508
0.759234551086524 1.05964121032877 1.35022771960841 1.63403649485006 1.91269993803617 2.18722703718426 2.45829911050838 2.72640510125238 2.99191189837888 3.25510435674778 3.51620967916512 3.77541308311456 4.03286830760904 4.28870491207192 4.54303349838745 4.79594954188849 5.047536263127 5.29786682138951 5.54700601799338
2.43333270507073 2.8112515805596 3.16515181112885 3.50309050121195 3.82930003813988 4.14634716444667 4.45593542958015 4.75926822690804 5.05723549761693 5.35051892283365 5.63965540247299 5.92507747459947 6.2071401890376 6.48613962197543 6.76232601794418 7.03591335805636 7.3070864803656 7.57600648048235 7.84281487696932
6.00505762666922 6.36075408149292 6.69784337224937 7.02197225875464 7.3362571407806 7.64265766598039 7.94251189458448 8.23678718232037 8.52621294916513 8.81135729100144 9.09267416613522 9.37053398105159 9.64524424905678 9.91706402512264 10.1862142831618 10.4528855592812 10.7172437001661 10.9794342657672 11.2395859557346
10.6068941550183 10.9000651389139 11.1843781191462 11.4620870114844 11.7345193194431 12.0025521932847 12.2668090427607 12.5277559764049 12.7857547740973 13.0410944044041 13.2940111745728 13.5447016576703 13.7933321995881 14.0400452790252 14.2849643243226 14.5281972957896 14.7698394223376 15.0099753282406 15.2486807107193
15.3525200776517 15.5922330504179 15.8285910891391 16.0622585431398 16.2936541473393 16.5230694398606 16.7507206715538 16.976775485189 17.2013681477556 17.4246088958462 17.6465902182584 17.8673906847065 18.0870782305688 18.3057121322666 18.5233446426854 18.7400222127074 18.9557864402249 19.170674819393 19.38472134031
19.8053849559648 20.0084113676461 20.2103081373902 20.4112295456025 20.6112796509276 20.8105348140468 21.009054173709 21.2068852870719 21.4040674768718 21.6006339292696 21.7966132897507 21.9920303309624 22.1869070095191 22.3812628381705 22.5751153292495 22.7684803132905 22.9613721908174 23.1538041343506 23.3457882523911
23.8222828488093 24.0008687668825 24.1790982814876 24.3569965493964 24.5345817175609 24.7118678178195 24.8888661953786 25.0655863139017 25.2420362518388 25.4182229970022 25.5941528347236 25.7698311843415 25.9452630450169 26.1204529240861 26.2954049405078 26.4701228809277 26.644610244839 26.8188702808601 26.9929060178471
27.3908629621674 27.552603717155 27.7142362041059 27.8757604225784 28.0371763729484 28.1984840550941 28.3596834690128 28.5207746147494 28.681757492173 28.8426320695715 29.0033984424275 29.1640565152204 29.3246063197891 29.4850478561351 29.64538112426 29.8056061241653 29.9657228559414 30.1257313193521 30.2856315145882
30.5471186018128 30.6966609530548 30.8461711523688 30.9956467751014 31.1450858253982 31.2944865908665 31.4438475635118 31.5931673904419 31.7424448408997 31.8916787836518 32.0408681697529 32.1900120199871 32.3391094149638 32.4881594872746 32.6371614151623 32.7861144173287 32.9350177486988 33.0838706964056 33.2326725774057
33.3403872127321 33.4806816723113 33.6209667135436 33.7612408678491 33.9015028450587 34.0417514797127 34.1819857009649 34.3222045126706 34.4624069794832 34.6025922172824 34.742759385311 34.8829076805316 35.0230363329891 35.1631446020679 35.3032317734124 35.4432971563561 35.5833400818245 35.7233599001194 35.8633559799754
35.8197552476647 35.9527729830865 36.085787981736 36.218799581566 36.3518071624569 36.4848101346282 36.6178079328135 36.7508000118528 36.8837858434053 37.0167649139766 37.1497367227663 37.2827007803951 37.4156566077194 37.5486037348629 37.6815417004088 37.8144700507124 37.9473883393824 38.0802961264336 38.2131929784581
38.0293691337519 38.1564927568895 38.2836155883375 38.4107373637635 38.537857819601 38.6649766918489 38.7920937166486 38.9192086302108 39.0463211686511 39.1734310683302 39.3005380655276 39.4276418966009 39.5547422979711 39.681839006122 39.8089317576052 39.9360202890445 40.0631043372069 40.1901836386917 40.317257930519
40.0073185257619 40.1295587468279 40.2517987393989 40.3740384045503 40.4962776376242 40.6185163280771 40.7407543609775 40.8629916163372 40.9852279715938 41.1074633000227 41.2296974718075 41.3519303541919 41.474161811653 41.5963917060642 41.7186198968418 41.840846241074 41.9630705936998 42.0852928073145 42.2075127328181
41.7858792969148 41.9040001879676 42.0221210131706 42.140241736828 42.2583623191938 42.3764827158305 42.4946028787588 42.6127227555776 42.7308422917344 42.8489614288367 42.9670801056076 43.0851982579534 43.2033158190676 43.3214327195374 43.4395488874404 43.5576642484339 43.6757787258932 43.7938922407035 43.9120047118528
43.3922067698806 43.5068018038163 43.6213968188372 43.7359918022492 43.850586739496 43.9651816131641 44.0797764038513 44.1943710891041 44.3089656454927 44.4235600468196 44.5381542649576 44.6527482698237 44.7673420294036 44.8819355097881 44.9965286752091 45.1111214882443 45.2257139090479 45.340305896824 45.4548974086429
44.8491128684252 44.960653284854 45.0721936959189 45.1837340970328 45.2952744830944 45.4068148473707 45.5183551822427 45.6298954780744 45.7414357251797 45.852975911996 45.9645160258577 46.0760560529214 46.1875959781476 46.2991357852971 46.4106754569324 46.5222149745838 46.633754317974 46.7452934664235 46.8568323976716
